0.6  dt	
5 10 24 -1
0.014  InternVol(mL/mln)
793500 900000 1100000 1750000 cells_0_t
"A549-cntr"

Glucose 11.96  11.53 11.195 5.91     0.0 0.0512 0.0033 1.4098
Lactate 0.162 1.4264 2.65  8.978    0.0 0.203 0.3126  0.4384  

Glucose(mediumT) 7
0 0h  0.0 0.0 0.0 0.0 0.0 0.0 1.0    0.0 0.0 0.0 0.0 0.0 0.0 0.0
3 24h 0.0 0.0 0.0 0.0 0.0 0.0 1.0    0.0 0.0 0.0 0.0 0.0 0.0 0.0

Glutamine(cell*) 6
0 0h  1.0 0.0 0.0 0.0 0.0 0.0   0.0 0.0 0.0 0.0 0.0 0.0
3 24h 1.0 0.0 0.0 0.0 0.0 0.0   0.0 0.0 0.0 0.0 0.0 0.0

Glutamate(cell*) 6
0 0h  1.0 0.0 0.0 0.0 0.0 0.0     0.0 0.0 0.0 0.0 0.0 0.0
3 24h 0.7390	0.0	0.1796	0.0371	0.0339	0.0105     0.0085	0.0103	0.0100	0.0057	0.0021	0.0034

Lactate(cell*) 4
0 0h  1 0 0 0     0 0 0 0
3 24h 0.2213	0.0000	0.0154	0.3165     0.00678	0.0198	0.0117	0.00755

AlanineC1C3(cell*) 4
0 0h  1 0 0 0     0 0 0 0
3 24h 0.1872	0.0000	0.0154	0.3165     0.0115	0.0119	0.0123	0.0156

Gly(cell*) 3
0	0h	1.0000	0.0000	0.0000		0 0 0
3 24h	0.9404	0.0000	0.0596		0.0165	0.0141	0.0139	

Serine(cell*) 4
0 0h  1 0 0 0     0 0 0 0
3 24h 0.8042	0.0430	0.0406	0.1121    0.0178	0.0235	0.0170	0.0103

Proline(cell*) 6
0 0h 1 0 0 0 0 0   0 0 0 0 0 0
3 24h	0.8294	0.0000	0.1429	0.0268	0.0000	0.0000	    0.1115	0.0273	0.0145	0.0164	0.0707	0.0269

Cystein(cell*) 4
0 0h  1 0 0 0     0 0 0 0
3 24h 0.8920	0.1080 0.0 0.0     0.0929	0.0929 0.0 0.0

Citrate(cell*) 7
0 0h  1 0 0 0 0 0 0     0 0 0 0 0 0 0
3 24h 0.2699	0.0000	0.4866	0.0415	0.1235	0.0639	0.0134     0.0294	0.0192	0.0322	0.0113	0.0110	0.0048	0.0024

a-glycerol(cell*) 4
0 0h  1 0 0 0     0 0 0 0
3 24h 0.6071	0.0070	0.0079	0.3780    0.0564	0.0501	0.0357	0.0333

Aspartate(cell*) 5
0 0h  1 0 0 0 0     0 0 0 0 0
3 24h 0.7307	0.0158	0.1467	0.0913	0.0156   0.0279	0.0166	0.0198	0.0097	0.0029

Asparagine(cell*) 5
0 0h  1 0 0 0 0     0 0 0 0 0
3 24h 0.8030	0.0000	0.1118	0.0692	0.0152     0.0389	0.0399	0.0201	0.0209	0.0047

Arginine(cell*) 6
0 0h  1.0 0.0 0.0 0.0 0.0 0.0   0.0 0.0 0.0 0.0 0.0 0.0
3 24h 0.9346	0.0654	0.0 0.0 0.0 0.0     0.0833	0.0833 0.0 0.0 0.0 0.0

fum(cell*) 5
0 0h 1 0 0 0 0   0 0 0 0 0 
3 24h 0.7791	0.0035	0.1402	0.0658	0.0114  0.0281	0.0232	0.0150	0.0112	0.0130

Malate(cell*) 5
0 0h  1 0 0 0 0     0 0 0 0 0
3 24h 0.7306	0.0100	0.1595	0.0830	0.0169    0.0342	0.0261	0.0178	0.0116	0.0072

AcCoA_8_24 3
0 0h	1.0000	0.0000	0.0000		0	0	0
3 24h	0.975	0.005	0.02		0.0002	0.0002	0.0001	

rib_8_24 6								
0 0h    1.0000	0.0000	0.0000	0.0000	0.0000	0.0000          0.0 0.0 0.0 0.0 0.0 0.0
3 24h   0.7255	0.1612	0.0782	0.0263	0.0087	0.0000		0.0021	0.0007	0.0014	0.0000	0.0002	0.0000

